Data Inventory for Motion Coherence Experiment

each subject info starts the line after an asterisk
columns are separated by '; '
list elements are separated by ', '

Column Organisation:
Subject Number, Subject Name, Condition Order, Behavioural File Pointer, EEG File Pointer, Trials Rejected in the 1st Step, Trials Rejected in the 2nd step

sub_no, sub_name, sq, bhv_ptr, eeg_ptr, trl_rej_1, trl_rej_2
*
1; MOz; 2, 3, 1; mertozkan; MO; 39, 73, 90, 123, 130, 187, 216, 225, 227, 365, 380, 382, 468, 470, 514, 593, 598, 634, 637; 53, 169, 276, 352, 353, 354, 406, 407, 424, 583, 634, 649, 666, 667
*
2; SA; 3, 1, 2; sibelakyuz; SA; 159, 213, 227, 228, 244, 245, 294, 356, 370, 376, 449, 456, 477, 487, 489, 495, 497, 572, 580, 595, 607, 609, 610, 642, 657, 665, 668, 669, 670, 671, 677, 681, 685, 694, 695, 697, 698, 699, 700, 710, 711, 725; 190, 198, 376, 425, 620
*
3; ZP; 2, 1, 3; zp; ZP; 1, 6, 26, 49, 66, 129, 179, 180, 181, 252, 266, 299, 334, 394, 416, 422, 479, 539, 559, 568, 596, 652, 653, 655, 668, 676, 684, 702, 713, 714, 715, 721, 733, 735, 738, 770, 778, 779, 791, 792; 135, 393
*
4; AYO; 1, 2, 3; ayo; AYO; 91, 152, 153, 154, 156, 158, 168, 252, 300, 332, 352, 354, 355, 356, 357, 439, 478, 576, 599, 617, 674, 675, 707; 65, 82, 435, 458, 544
*
5; BMU; 3, 1, 2; bmu; BMU; 70, 71, 97, 149, 154, 162, 243, 268, 269, 339, 348, 350, 356, 368, 381, 418, 419, 420, 454, 455, 469, 470, 478, 479, 535, 561, 720; 5, 393
*
6; ENC; 3, 2, 1; ENC; ENC; 1, 214, 222, 381, 384, 444, 618, 699, 700; 5, 74, 122, 133, 162, 178, 223, 239, 269, 313, 377, 390, 393, 395, 415, 429, 430, 471, 475, 489, 549
*
7; PM; 3, 1, 2; pm; pm; 2, 3, 4, 6, 120, 252, 268, 385, 408, 455, 493, 494, 599, 601, 627, 643, 660, 690, 702, 703, 704, 705, 709; 
*
8; UK; 1, 3, 2; UK; UK; 379, 380, 421, 443, 444, 445, 447, 474, 511, 527, 597, 601, 643, 656, 657, 660, 661, 662, 663, 672, 673, 677, 681, 684, 685, 708; 132, 457, 576, 577, 581, 603, 604, 637, 658, 673, 683
*
9; MC; 1, 3, 2; MC_7; 7-MC; 126, 142, 208, 218, 221, 276, 321, 341, 345, 395, 449, 456, 488, 500, 531, 590, 629, 630, 654, 703; 175, 192, 679
*
10; AA; 3, 1, 2; AA; AA; 150, 408, 419, 425, 431, 437, 491, 497, 576, 578; 
*
11; YA; 2, 1, 3; YA; YA; 176, 281, 336, 374, 488, 510, 547, 550, 590; 55, 96, 348, 586, 711
*
12; PD; 1, 2, 3; PD1; PD; 398, 486, 527, 594, 642, 699, 700; 
*
13; AI; 3, 2, 1; AIEEG; AI; 3, 39, 40, 80, 98, 134, 159, 165, 231, 250, 301, 305, 350, 352, 391, 392, 413, 436, 437, 449, 450, 454, 455, 457, 460, 470, 496, 578, 581, 582, 693, 714; 
*
14; ASA; 2, 3, 1; ASA; ASA; 118, 166, 274, 287, 288, 299, 303, 308, 314, 350, 425, 426, 480, 481, 482, 581, 592, 593, 594, 595, 596, 660; 192, 458
*
15; HC; 1, 3, 2; HCEEG; HC; 8, 41, 115, 132, 154, 172, 232, 236, 237, 247, 271, 272, 276, 280, 301, 319, 320, 322, 324, 327, 329, 331, 334, 335, 339, 343, 344, 345, 347, 359, 365, 368, 369, 370, 398, 405, 409, 417, 428, 431, 436, 438, 441, 461, 487, 492, 510, 511, 523, 527, 564, 580, 589, 596, 597, 603, 673, 743, 776; 616
*
16; BU; 1, 3, 2; BU; BU3; 276, 317, 363, 424, 687, 696, 718, 719; 375, 503, 504